1 1.74446
2 1.74823
3 1.74411
4 1.73649
5 1.7458
6 1.73788
7 1.72914
8 1.73259
9 1.72847
10 1.71561
11 1.70007
12 1.68216
13 1.68328
14 1.69811
15 1.66723
16 1.67832
17 1.68339
18 1.69284
19 1.71419
20 1.72057
21 1.73753
22 1.76395
23 1.76927
24 1.73227
25 1.72518
26 1.72312
27 1.73747
28 1.74152
29 1.74255
30 1.73617
31 1.72541
32 1.74507
33 1.72643
34 1.74358
35 1.75431
36 1.75879
37 1.7403
38 1.76086
39 1.78589
40 1.79475
41 1.79489
42 1.77738
43 1.79006
44 1.77944
45 1.77674
46 1.76008
47 1.76014
48 1.77075
49 1.75509
50 1.74489
51 1.75616
52 1.7452
53 1.75474
54 1.74821
55 1.71371
56 1.71882
57 1.73036
58 1.73643
59 1.73157
60 1.73487
61 1.72716
62 1.74555
63 1.7385
64 1.72833
65 1.71936
66 1.70764
67 1.72119
68 1.72766
69 1.73962
70 1.75704
71 1.77096
72 1.78085
73 1.79216
74 1.79419
75 1.78908
76 1.78464
77 1.77969
78 1.7675
79 1.76144
80 1.75756
81 1.74213
82 1.7203
83 1.73729
84 1.71495
85 1.71659
86 1.73622
87 1.72885
88 1.74813
89 1.7793
90 1.75552
91 1.75454
92 1.75553
93 1.74333
94 1.73685
95 1.72491
96 1.70702
97 1.67672
98 1.68207
99 1.68373
100 1.66012
101 1.67017
102 1.65042
103 1.66723
104 1.65649
105 1.64243
106 1.64786
107 1.66075
108 1.65641
109 1.67497
110 1.69109
111 1.7066
112 1.70353
113 1.7112
114 1.71134
115 1.69314
116 1.71015
117 1.7096
118 1.69127
119 1.69379
120 1.70892
121 1.71375
122 1.73424
123 1.71368
124 1.74172
125 1.74334
126 1.73097
127 1.72105
128 1.7305
129 1.71476
130 1.72674
131 1.71778
132 1.74267
133 1.74366
134 1.70486
135 1.69687
136 1.71184
137 1.72587
138 1.75825
139 1.76288
140 1.74955
141 1.74874
142 1.74898
143 1.77043
144 1.76305
145 1.75936
146 1.76207
147 1.76039
148 1.76095
149 1.74179
150 1.74976
151 1.72899
152 1.70521
153 1.71437
154 1.69522
155 1.69069
156 1.68461
157 1.68478
158 1.70348
159 1.72343
160 1.73868
161 1.78212
162 1.76555
163 1.76603
164 1.76138
165 1.7666
166 1.76145
167 1.74792
168 1.74605
169 1.72215
170 1.73858
171 1.71398
172 1.73511
173 1.72548
174 1.7262
175 1.74884
176 1.73159
177 1.7679
178 1.7719
179 1.75722
180 1.74922
181 1.73764
182 1.75094
183 1.74444
184 1.72538
185 1.74333
186 1.75361
187 1.75229
188 1.75854
189 1.76573
190 1.76752
191 1.77205
192 1.7837
193 1.77981
194 1.77448
195 1.77448
196 1.77183
197 1.76699
198 1.75282
199 1.7244
200 1.71968
201 1.71124
202 1.72118
203 1.70166
204 1.71585
205 1.69478
206 1.67749
207 1.68147
208 1.70144
209 1.70042
210 1.70171
211 1.6979
212 1.721
213 1.72407
214 1.74979
215 1.75095
216 1.72735
217 1.73125
218 1.73023
219 1.71263
220 1.70025
221 1.70983
222 1.68822
223 1.6899
224 1.6945
225 1.68377
226 1.69064
227 1.68608
228 1.66679
229 1.65276
230 1.64824
231 1.64904
232 1.65611
233 1.65031
234 1.67773
235 1.6804
236 1.70017
237 1.68469
238 1.68579
239 1.69442
240 1.69927
241 1.70917
242 1.71964
243 1.71608
244 1.6987
245 1.69479
246 1.6947
247 1.69295
248 1.69826
249 1.69596
250 1.69459
251 1.68242
252 1.67559
253 1.64527
254 1.65333
255 1.66052
256 1.66106
257 1.66571
258 1.68114
259 1.69222
260 1.68392
261 1.67998
262 1.68258
263 1.68885
264 1.67518
265 1.68325
266 1.65226
267 1.69532
268 1.70231
269 1.7035
270 1.71121
271 1.6895
272 1.66943
273 1.66738
274 1.66241
275 1.65548
276 1.6482
277 1.63593
278 1.63986
279 1.64199
280 1.65054
281 1.64705
282 1.66532
283 1.67499
284 1.65683
285 1.66344
286 1.6891
287 1.69853
288 1.6828
289 1.68653
290 1.67488
291 1.6703
292 1.66943
293 1.6783
294 1.67496
295 1.66851
296 1.67468
297 1.6707
298 1.68626
299 1.68799
300 1.6627
301 1.65369
302 1.65207
303 1.64535
304 1.66021
305 1.6567
306 1.64765
307 1.65816
308 1.66525
309 1.68857
310 1.67533
311 1.66725
312 1.66459
313 1.67221
314 1.68546
315 1.6672
316 1.63177
317 1.62412
318 1.64384
319 1.62014
320 1.62832
321 1.64448
322 1.65704
323 1.66496
324 1.65595
325 1.64402
326 1.64297
327 1.62443
328 1.64639
329 1.64706
330 1.65727
331 1.65056
332 1.64674
333 1.63529
334 1.62758
335 1.64031
336 1.62591
337 1.64964
338 1.62338
339 1.61624
340 1.65032
341 1.65361
342 1.67863
343 1.68596
344 1.68592
345 1.73222
346 1.71815
347 1.72476
348 1.71641
349 1.71144
350 1.69237
351 1.69064
352 1.70613
353 1.72226
354 1.73438
355 1.74248
356 1.73732
357 1.72721
358 1.71818
359 1.70771
360 1.70984
361 1.69528
362 1.68732
363 1.67953
364 1.69233
365 1.70998
366 1.71408
367 1.72792
368 1.7395
369 1.74797
370 1.75249
371 1.75622
372 1.73698
373 1.74057
374 1.73736
375 1.73733
376 1.72813
377 1.75168
378 1.75609
379 1.74479
380 1.73566
381 1.75274
382 1.76382
383 1.75096
384 1.75715
385 1.74258
386 1.74123
387 1.75491
388 1.74822
389 1.76883
390 1.79508
391 1.77883
392 1.78746
393 1.76279
394 1.75462
395 1.75485
396 1.76917
397 1.76573
398 1.77548
399 1.7834
400 1.79285
401 1.79109
402 1.79025
403 1.78066
404 1.7737
405 1.75596
406 1.74391
407 1.74848
408 1.73952
409 1.73896
410 1.73899
411 1.75666
412 1.78127
413 1.76532
414 1.76
415 1.74343
416 1.74372
417 1.71541
418 1.69806
419 1.72202
420 1.71594
421 1.68426
422 1.67774
423 1.68448
424 1.66813
425 1.66283
426 1.67074
427 1.67009
428 1.67307
429 1.66647
430 1.65219
431 1.63044
432 1.63179
433 1.66292
434 1.63203
435 1.62929
436 1.6055
437 1.62899
438 1.62517
439 1.62516
440 1.62704
441 1.62844
442 1.65925
443 1.67291
444 1.6626
445 1.64142
446 1.65903
447 1.67062
448 1.66168
449 1.65143
450 1.66534
451 1.6544
452 1.65144
453 1.66189
454 1.64161
455 1.64105
456 1.61548
457 1.61813
458 1.59657
459 1.5986
460 1.57635
461 1.56065
462 1.57974
463 1.5554
464 1.54602
465 1.5302
466 1.52326
467 1.52488
468 1.52084
469 1.52716
470 1.52367
471 1.50762
472 1.50384
473 1.47376
474 1.47807
475 1.46473
476 1.481
477 1.48069
478 1.46972
479 1.46707
480 1.49071
481 1.51203
482 1.5257
483 1.51809
484 1.52721
485 1.54397
486 1.53834
487 1.52046
488 1.50481
489 1.50144
490 1.49085
491 1.48161
492 1.49615
493 1.50713
494 1.51549
495 1.52579
496 1.53524
497 1.55381
498 1.55287
499 1.54473
500 1.53566
501 1.53159
502 1.52271
503 1.53494
504 1.51019
505 1.49849
506 1.48439
507 1.49966
508 1.53095
509 1.54057
510 1.53063
511 1.5304
512 1.5215
513 1.51083
514 1.50524
515 1.50957
516 1.50344
517 1.5001
518 1.48976
519 1.494
520 1.50251
521 1.53609
522 1.53115
523 1.54318
524 1.55373
525 1.55821
526 1.57292
527 1.54424
528 1.54068
529 1.53516
530 1.53164
531 1.53435
532 1.53103
533 1.53982
534 1.55159
535 1.54914
536 1.52268
537 1.54718
538 1.56627
539 1.57931
540 1.59625
541 1.60239
542 1.62825
543 1.60692
544 1.61995
545 1.63426
546 1.63608
547 1.6108
548 1.6188
549 1.59829
550 1.60016
551 1.62632
552 1.64136
553 1.62519
554 1.62631
555 1.62077
556 1.61831
557 1.62122
558 1.64242
559 1.64255
560 1.64757
561 1.63169
562 1.62777
563 1.61951
564 1.61467
565 1.59885
566 1.60408
567 1.57991
568 1.55431
569 1.55798
570 1.56047
571 1.55773
572 1.55603
573 1.54373
574 1.54254
575 1.58435
576 1.60133
577 1.60177
578 1.57623
579 1.57313
580 1.58109
581 1.57093
582 1.57074
583 1.5695
584 1.56272
585 1.55874
586 1.56454
587 1.55435
588 1.56306
589 1.55176
590 1.57095
591 1.58755
592 1.59857
593 1.59922
594 1.61105
595 1.62804
596 1.63969
597 1.64043
598 1.62413
599 1.64843
600 1.65089
601 1.61974
602 1.62727
603 1.6318
604 1.63477
605 1.62879
606 1.63556
607 1.61974
608 1.62694
609 1.64033
610 1.65359
611 1.64676
612 1.65407
613 1.64215
614 1.6712
615 1.6681
616 1.67159
617 1.69676
618 1.70092
619 1.69921
620 1.70211
621 1.69655
622 1.70608
623 1.71162
624 1.68516
625 1.68205
626 1.67749
627 1.70344
628 1.70466
629 1.6995
630 1.70982
631 1.71871
632 1.73485
633 1.76376
634 1.734
635 1.74961
636 1.76227
637 1.75858
638 1.77554
639 1.76785
640 1.76824
641 1.78296
642 1.80071
643 1.79347
644 1.79021
645 1.78697
646 1.79291
647 1.80756
648 1.81729
649 1.83136
650 1.81997
651 1.81517
652 1.80094
653 1.78918
654 1.78558
655 1.7981
656 1.76997
657 1.76975
658 1.75513
659 1.7673
660 1.75862
661 1.76393
662 1.77612
663 1.76471
664 1.75818
665 1.75954
666 1.75905
667 1.76789
668 1.77635
669 1.78781
670 1.78803
671 1.79863
672 1.78859
673 1.79002
674 1.76445
675 1.73799
676 1.70659
677 1.6955
678 1.71297
679 1.71781
680 1.72723
681 1.76732
682 1.75404
683 1.77622
684 1.80376
685 1.7744
686 1.7634
687 1.76956
688 1.73928
689 1.76193
690 1.78271
691 1.76648
692 1.77901
693 1.79707
694 1.7893
695 1.79657
696 1.82738
697 1.84385
698 1.84994
699 1.8616
700 1.85938
701 1.85855
702 1.8501
703 1.84158
704 1.84441
705 1.86681
706 1.86816
707 1.89495
708 1.90173
709 1.91704
710 1.90088
711 1.88904
712 1.90115
713 1.89064
714 1.87647
715 1.86988
716 1.87891
717 1.87387
718 1.88286
719 1.87508
720 1.88136
721 1.88318
722 1.87201
723 1.87825
724 1.86845
725 1.89758
726 1.89507
727 1.89844
728 1.88756
729 1.88586
730 1.87053
731 1.873
732 1.85611
733 1.86842
734 1.87376
735 1.84125
736 1.83864
737 1.83906
738 1.84714
739 1.86341
740 1.86282
741 1.84767
742 1.84791
743 1.83746
744 1.8356
745 1.84085
746 1.84927
747 1.83903
748 1.81164
749 1.814
750 1.80544
751 1.82253
752 1.80483
753 1.81541
754 1.82694
755 1.8357
756 1.82849
757 1.81323
758 1.81461
759 1.80449
760 1.8128
761 1.80913
762 1.83646
763 1.82534
764 1.81709
765 1.79936
766 1.82111
767 1.80003
768 1.7712
769 1.77211
770 1.77978
771 1.78025
772 1.77876
773 1.80071
774 1.80829
775 1.8
776 1.79547
777 1.77191
778 1.75487
779 1.74103
780 1.72876
781 1.7264
782 1.73452
783 1.71603
784 1.69473
785 1.69582
786 1.70994
787 1.70243
788 1.70434
789 1.70091
790 1.68902
791 1.7035
792 1.71371
793 1.7121
794 1.70086
795 1.70566
796 1.70804
797 1.70253
798 1.71782
799 1.73339
800 1.75837
801 1.76973
802 1.77021
803 1.75743
804 1.76207
805 1.75914
806 1.77505
807 1.77987
808 1.76737
809 1.76545
810 1.77009
811 1.76283
812 1.77651
813 1.78782
814 1.77744
815 1.77408
816 1.80777
817 1.82223
818 1.83139
819 1.80515
820 1.81913
821 1.8497
822 1.83632
823 1.85173
824 1.84942
825 1.85905
826 1.83248
827 1.85127
828 1.86575
829 1.88017
830 1.87904
831 1.85739
832 1.87032
833 1.87694
834 1.86908
835 1.86408
836 1.86282
837 1.84641
838 1.8476
839 1.865
840 1.89679
841 1.88002
842 1.89523
843 1.89298
844 1.87438
845 1.88087
846 1.8877
847 1.88811
848 1.91039
849 1.93385
850 1.95085
851 1.95397
852 1.9411
853 1.94882
854 1.94032
855 1.94905
856 1.93023
857 1.92021
858 1.92812
859 1.91549
860 1.91286
861 1.92626
862 1.91094
863 1.91799
864 1.90334
865 1.90105
866 1.8914
867 1.89961
868 1.91118
869 1.9163
870 1.91944
871 1.93578
872 1.9284
873 1.91869
874 1.91566
875 1.88817
876 1.89103
877 1.9041
878 1.88837
879 1.88362
880 1.87671
881 1.89075
882 1.88131
883 1.89082
884 1.87551
885 1.88038
886 1.88525
887 1.88472
888 1.88311
889 1.85989
890 1.84526
891 1.84335
892 1.8193
893 1.79597
894 1.79621
895 1.80501
896 1.82317
897 1.80307
898 1.796
899 1.78628
900 1.77604
901 1.79352
902 1.79421
903 1.80852
904 1.8158
905 1.79618
906 1.79281
907 1.81219
908 1.80736
909 1.82826
910 1.83711
911 1.84444
912 1.83214
913 1.82088
914 1.79948
915 1.80825
916 1.81017
917 1.79595
918 1.8268
919 1.80705
920 1.80069
921 1.80212
922 1.79781
923 1.77487
924 1.78519
925 1.77713
926 1.79051
927 1.79516
928 1.77193
929 1.78664
930 1.76451
931 1.76039
932 1.75567
933 1.7732
934 1.75748
935 1.77424
936 1.78062
937 1.77167
938 1.73554
939 1.7161
940 1.70165
941 1.70357
942 1.67606
943 1.7012
944 1.69193
945 1.69668
946 1.69813
947 1.69628
948 1.68493
949 1.69452
950 1.69786
951 1.69316
952 1.68518
953 1.7002
954 1.69715
955 1.69848
956 1.69135
957 1.70869
958 1.69856
959 1.69837
960 1.6817
961 1.67777
962 1.69118
963 1.68804
964 1.67487
965 1.66963
966 1.65435
967 1.66512
968 1.655
969 1.64936
970 1.65916
971 1.64367
972 1.63003
973 1.62062
974 1.62466
975 1.62044
976 1.60156
977 1.6074
978 1.6052
979 1.59901
980 1.6233
981 1.61857
982 1.61751
983 1.61867
984 1.63526
985 1.64094
986 1.64626
987 1.64537
988 1.63885
989 1.63051
990 1.62237
991 1.65248
992 1.65369
993 1.65562
994 1.66017
995 1.6555
996 1.62463
997 1.62878
998 1.6164
999 1.61559
1000 1.60497
1001 1.598
1002 1.60562
1003 1.62029
1004 1.60633
1005 1.60814
1006 1.60389
1007 1.58458
1008 1.58449
1009 1.58466
1010 1.61372
1011 1.62649
1012 1.62302
1013 1.6111
1014 1.65367
1015 1.67339
1016 1.68172
1017 1.66917
1018 1.68438
1019 1.67578
1020 1.68435
1021 1.66355
1022 1.65552
1023 1.68126
1024 1.67617
1025 1.67779
1026 1.67325
1027 1.66414
1028 1.66484
1029 1.67715
1030 1.67682
1031 1.6601
1032 1.67331
1033 1.66759
1034 1.66454
1035 1.65451
1036 1.67678
1037 1.66451
1038 1.66205
1039 1.65948
1040 1.65484
1041 1.67067
1042 1.66272
1043 1.64313
1044 1.63442
1045 1.63873
1046 1.63148
1047 1.63826
1048 1.65202
1049 1.67057
1050 1.6734
1051 1.70287
1052 1.71293
1053 1.72042
1054 1.72862
1055 1.72092
1056 1.7192
1057 1.72383
1058 1.72315
1059 1.72006
1060 1.72778
1061 1.7318
1062 1.71264
1063 1.72823
1064 1.70548
1065 1.68397
1066 1.70529
1067 1.6843
1068 1.66332
1069 1.67707
1070 1.67564
1071 1.67699
1072 1.66079
1073 1.68588
1074 1.66427
1075 1.6393
1076 1.65562
1077 1.63801
1078 1.63665
1079 1.63596
1080 1.64339
1081 1.6674
1082 1.66187
1083 1.67317
1084 1.63328
1085 1.66564
1086 1.68936
1087 1.66774
1088 1.64763
1089 1.63985
1090 1.62805
1091 1.64036
1092 1.6248
1093 1.64412
1094 1.64903
1095 1.65148
1096 1.63456
1097 1.64244
1098 1.63849
1099 1.61861
1100 1.61168
1101 1.61545
1102 1.60386
1103 1.61768
1104 1.62254
1105 1.62303
1106 1.66359
1107 1.65661
1108 1.65203
1109 1.66246
1110 1.66076
1111 1.66972
1112 1.66303
1113 1.62286
1114 1.64818
1115 1.66229
1116 1.66875
1117 1.66744
1118 1.67542
1119 1.66888
1120 1.63494
1121 1.64693
1122 1.65148
1123 1.64233
1124 1.63546
1125 1.64389
1126 1.64831
1127 1.64465
1128 1.64152
1129 1.62831
1130 1.62217
1131 1.62521
1132 1.58658
1133 1.59154
1134 1.59796
1135 1.59104
1136 1.6126
1137 1.62688
1138 1.63828
1139 1.63177
1140 1.61104
1141 1.61619
1142 1.64863
1143 1.66566
1144 1.65599
1145 1.65072
1146 1.65423
1147 1.65146
1148 1.65784
1149 1.6495
1150 1.64857
1151 1.67031
1152 1.64386
1153 1.62396
1154 1.60057
1155 1.60688
1156 1.5919
1157 1.58576
1158 1.57768
1159 1.5857
1160 1.60027
1161 1.5903
1162 1.59022
1163 1.59777
1164 1.59449
1165 1.60567
1166 1.62209
1167 1.60992
1168 1.59818
1169 1.57059
1170 1.58071
1171 1.59349
1172 1.57829
1173 1.58414
1174 1.57773
1175 1.59297
1176 1.59978
1177 1.6437
1178 1.62154
1179 1.60936
1180 1.59826
1181 1.60334
1182 1.59247
1183 1.59025
1184 1.59162
1185 1.59398
1186 1.6022
1187 1.60725
1188 1.61305
1189 1.62461
1190 1.63739
1191 1.62864
1192 1.63128
1193 1.63298
1194 1.64946
1195 1.63136
1196 1.64968
1197 1.6351
1198 1.62804
1199 1.63224
1200 1.62285
1201 1.6133
1202 1.62273
1203 1.63781
1204 1.65202
1205 1.65655
1206 1.66898
1207 1.65613
1208 1.65425
1209 1.66667
1210 1.69203
1211 1.71438
1212 1.7042
1213 1.707
1214 1.72408
1215 1.69945
1216 1.70528
1217 1.67897
1218 1.65402
1219 1.65174
1220 1.6283
1221 1.64001
1222 1.63973
1223 1.62557
1224 1.64098
1225 1.66927
1226 1.65147
1227 1.64244
1228 1.63741
1229 1.62527
1230 1.60156
1231 1.61326
1232 1.62687
1233 1.62573
1234 1.64395
1235 1.66664
1236 1.65226
1237 1.65618
1238 1.65221
1239 1.64992
1240 1.63887
1241 1.63289
1242 1.6221
1243 1.61867
1244 1.62329
1245 1.60481
1246 1.58737
1247 1.58897
1248 1.58329
1249 1.6058
1250 1.60692
1251 1.60256
1252 1.61308
1253 1.64021
1254 1.6441
1255 1.66848
1256 1.69378
1257 1.67637
1258 1.71363
1259 1.7005
1260 1.71638
1261 1.70106
1262 1.70975
1263 1.71907
1264 1.71383
1265 1.72629
1266 1.712
1267 1.72187
1268 1.7261
1269 1.71978
1270 1.72743
1271 1.7292
1272 1.74623
1273 1.7365
1274 1.73727
1275 1.71477
1276 1.70785
1277 1.70765
1278 1.67733
1279 1.66894
1280 1.63859
1281 1.63611
1282 1.63606
1283 1.63649
1284 1.63806
1285 1.64966
1286 1.64944
1287 1.63368
1288 1.64473
1289 1.67047
1290 1.66446
1291 1.68785
1292 1.68132
1293 1.64159
1294 1.65667
1295 1.66331
1296 1.66663
1297 1.66143
1298 1.67105
1299 1.68616
1300 1.70249
1301 1.70764
1302 1.7132
1303 1.71231
1304 1.70293
1305 1.67087
1306 1.66134
1307 1.65839
1308 1.6677
1309 1.66924
1310 1.6556
1311 1.64046
1312 1.61531
1313 1.62561
1314 1.62934
1315 1.63745
1316 1.63738
1317 1.64368
1318 1.61449
1319 1.6043
1320 1.62571
1321 1.6226
1322 1.63802
1323 1.65795
1324 1.65586
1325 1.66469
1326 1.66426
1327 1.67314
1328 1.66376
1329 1.63321
1330 1.66729
1331 1.6522
1332 1.6637
1333 1.66848
1334 1.65847
1335 1.65761
1336 1.66977
1337 1.66659
1338 1.68357
1339 1.6924
1340 1.66627
1341 1.66186
1342 1.66004
1343 1.66515
1344 1.65174
1345 1.64325
1346 1.63848
1347 1.63319
1348 1.64031
1349 1.63322
1350 1.6457
1351 1.6576
1352 1.6786
1353 1.67051
1354 1.6552
1355 1.65453
1356 1.6657
1357 1.66913
1358 1.67175
1359 1.64629
1360 1.64127
1361 1.63466
1362 1.61881
1363 1.62594
1364 1.62982
1365 1.63497
1366 1.64725
1367 1.65474
1368 1.67165
1369 1.64951
1370 1.62272
1371 1.61887
1372 1.6274
1373 1.63643
1374 1.6335
1375 1.64017
1376 1.6202
1377 1.61074
1378 1.61123
1379 1.60627
1380 1.58856
1381 1.57574
1382 1.57967
1383 1.58996
1384 1.59339
1385 1.59634
1386 1.61218
1387 1.62653
1388 1.65697
1389 1.65302
1390 1.65097
1391 1.6384
1392 1.65267
1393 1.67835
1394 1.65388
1395 1.67008
1396 1.70252
1397 1.70014
1398 1.68634
1399 1.67482
1400 1.67668
1401 1.67631
1402 1.68674
1403 1.70873
1404 1.73826
1405 1.73013
1406 1.73104
1407 1.74229
1408 1.72158
1409 1.73531
1410 1.72769
1411 1.70746
1412 1.69338
1413 1.68165
1414 1.68269
1415 1.67946
1416 1.70209
1417 1.70567
1418 1.68351
1419 1.71086
1420 1.70775
1421 1.72589
1422 1.70719
1423 1.68968
1424 1.70215
1425 1.69593
1426 1.69912
1427 1.67887
1428 1.71969
1429 1.72142
1430 1.70553
1431 1.70262
1432 1.71563
1433 1.71877
1434 1.73627
1435 1.73031
1436 1.72276
1437 1.72104
1438 1.72991
1439 1.7268
1440 1.71312
1441 1.68601
1442 1.67484
1443 1.67615
1444 1.67741
1445 1.68564
1446 1.71938
1447 1.71185
1448 1.6942
1449 1.72046
1450 1.73701
1451 1.75383
1452 1.74052
1453 1.74908
1454 1.73101
1455 1.74456
1456 1.71985
1457 1.71385
1458 1.69611
1459 1.69507
1460 1.67702
1461 1.68224
1462 1.68612
1463 1.70839
1464 1.70167
1465 1.7077
1466 1.70403
1467 1.7001
1468 1.68899
1469 1.66625
1470 1.69496
1471 1.69157
1472 1.68876
1473 1.67186
1474 1.67358
1475 1.66151
1476 1.67453
1477 1.69781
1478 1.69125
1479 1.67652
1480 1.67731
1481 1.67855
1482 1.6777
1483 1.66462
1484 1.66436
1485 1.674
1486 1.65812
1487 1.6387
1488 1.64632
1489 1.64851
1490 1.64798
1491 1.65493
1492 1.65126
1493 1.646
1494 1.63335
1495 1.63563
1496 1.64634
1497 1.65554
1498 1.64126
1499 1.64452
1500 1.65537
1501 1.6609
1502 1.67518
1503 1.67073
1504 1.69007
1505 1.65883
1506 1.63888
1507 1.6189
1508 1.64405
1509 1.63442
1510 1.61577
1511 1.62381
1512 1.61825
1513 1.62259
1514 1.62257
1515 1.63454
1516 1.63722
1517 1.64309
1518 1.65879
1519 1.65802
1520 1.6695
1521 1.67936
1522 1.69669
1523 1.69606
1524 1.68448
1525 1.69279
1526 1.6685
1527 1.6598
1528 1.64415
1529 1.65145
1530 1.65431
1531 1.64549
1532 1.65029
1533 1.6463
1534 1.65843
1535 1.65911
1536 1.62892
1537 1.64575
1538 1.64862
1539 1.65447
1540 1.6436
1541 1.64148
1542 1.60857
1543 1.62694
1544 1.66093
1545 1.67469
1546 1.65923
1547 1.69096
1548 1.73063
1549 1.71103
1550 1.6902
1551 1.67534
1552 1.64352
1553 1.63605
1554 1.65532
1555 1.6605
1556 1.67362
1557 1.6547
1558 1.66409
1559 1.65383
1560 1.68316
1561 1.67677
1562 1.68598
1563 1.66748
1564 1.68236
1565 1.69521
1566 1.70842
1567 1.71418
1568 1.74658
1569 1.74419
1570 1.74487
1571 1.74982
1572 1.72647
1573 1.72922
1574 1.74037
1575 1.74574
1576 1.76164
1577 1.77738
1578 1.78261
1579 1.76836
1580 1.77633
1581 1.75648
1582 1.76558
1583 1.78049
1584 1.79051
1585 1.78854
1586 1.79217
1587 1.79432
1588 1.8185
1589 1.82617
1590 1.81329
1591 1.8107
1592 1.81324
1593 1.79004
1594 1.80955
1595 1.79398
1596 1.77966
1597 1.76654
1598 1.76415
1599 1.7683
1600 1.77528
1601 1.77237
1602 1.7642
1603 1.73715
1604 1.7426
1605 1.73374
1606 1.72282
1607 1.7221
1608 1.72765
1609 1.72848
1610 1.73433
1611 1.75325
1612 1.74748
1613 1.75723
1614 1.74689
1615 1.75269
1616 1.76892
1617 1.75994
1618 1.73799
1619 1.75598
1620 1.76764
1621 1.78226
1622 1.7827
1623 1.79249
1624 1.79792
1625 1.79982
1626 1.81309
1627 1.82165
1628 1.83697
1629 1.83799
1630 1.86032
1631 1.85994
1632 1.86938
1633 1.88948
1634 1.89392
1635 1.88043
1636 1.89099
1637 1.90519
1638 1.92696
1639 1.9262
1640 1.93035
1641 1.9034
1642 1.9015
1643 1.90203
1644 1.88296
1645 1.89035
1646 1.89742
1647 1.90516
1648 1.89932
1649 1.90253
1650 1.87781
1651 1.88389
1652 1.89019
1653 1.90041
1654 1.91948
1655 1.93688
1656 1.90232
1657 1.91358
1658 1.90852
1659 1.88013
1660 1.86913
1661 1.85128
1662 1.84486
1663 1.85565
1664 1.8454
1665 1.83457
1666 1.82769
1667 1.79971
1668 1.82646
1669 1.82398
1670 1.825
1671 1.81109
1672 1.79363
1673 1.78018
1674 1.77132
1675 1.76314
1676 1.75659
1677 1.75574
1678 1.75888
1679 1.74484
1680 1.74106
1681 1.72658
1682 1.71761
1683 1.70131
1684 1.68683
1685 1.669
1686 1.6629
1687 1.65737
1688 1.63879
1689 1.64654
1690 1.6686
1691 1.6807
1692 1.6673
1693 1.66264
1694 1.66747
1695 1.67785
1696 1.67807
1697 1.6976
1698 1.69047
1699 1.67605
1700 1.68001
1701 1.68495
1702 1.69815
1703 1.71551
1704 1.70843
1705 1.71307
1706 1.69173
1707 1.69445
1708 1.67469
1709 1.68926
1710 1.68056
1711 1.68993
1712 1.67471
1713 1.6957
1714 1.68576
1715 1.69522
1716 1.70002
1717 1.6958
1718 1.67926
1719 1.69104
1720 1.68377
1721 1.67177
1722 1.69549
1723 1.71412
1724 1.71022
1725 1.72764
1726 1.74187
1727 1.71909
1728 1.72087
1729 1.71846
1730 1.7119
1731 1.7096
1732 1.70062
1733 1.70157
1734 1.69878
1735 1.68409
1736 1.70508
1737 1.69265
1738 1.69567
1739 1.69448
1740 1.72192
1741 1.71511
1742 1.72282
1743 1.71968
1744 1.73226
1745 1.72082
1746 1.72582
1747 1.7324
1748 1.73794
1749 1.74097
1750 1.73509
1751 1.71544
1752 1.71919
1753 1.74756
1754 1.74293
1755 1.74499
1756 1.74675
1757 1.745
1758 1.73229
1759 1.75615
1760 1.76237
1761 1.77907
1762 1.78016
1763 1.77335
1764 1.79268
1765 1.81023
1766 1.79641
1767 1.80551
1768 1.79523
1769 1.8047
1770 1.82136
1771 1.82262
1772 1.81979
1773 1.81833
1774 1.79256
1775 1.81905
1776 1.82851
1777 1.83386
1778 1.81238
1779 1.80388
1780 1.79098
1781 1.74372
1782 1.77389
1783 1.79739
1784 1.77839
1785 1.78152
1786 1.78534
1787 1.78552
1788 1.76404
1789 1.75756
1790 1.75201
1791 1.76981
1792 1.77373
1793 1.78786
1794 1.77184
1795 1.75217
1796 1.73668
1797 1.73604
1798 1.74577
1799 1.75186
1800 1.76336
1801 1.7776
1802 1.77645
1803 1.79634
1804 1.79244
1805 1.78117
1806 1.79965
1807 1.80999
1808 1.78034
1809 1.75611
1810 1.75006
1811 1.7592
1812 1.76145
1813 1.74588
1814 1.7475
1815 1.75413
1816 1.75879
1817 1.75854
1818 1.75156
1819 1.75915
1820 1.73947
1821 1.73318
1822 1.72018
1823 1.73725
1824 1.74934
1825 1.73615
1826 1.72859
1827 1.75739
1828 1.76529
1829 1.76492
1830 1.74499
1831 1.7374
1832 1.72332
1833 1.71931
1834 1.70727
1835 1.68572
1836 1.69563
1837 1.70889
1838 1.70486
1839 1.69754
1840 1.68466
1841 1.72976
1842 1.74171
1843 1.74339
1844 1.7408
1845 1.7587
1846 1.742
1847 1.72746
1848 1.75154
1849 1.76879
1850 1.76326
1851 1.78591
1852 1.77559
1853 1.78729
1854 1.79432
1855 1.79799
1856 1.78267
1857 1.79044
1858 1.79098
1859 1.79043
1860 1.79332
1861 1.77621
1862 1.79412
1863 1.78769
1864 1.79655
1865 1.79783
1866 1.79049
1867 1.81212
1868 1.81796
1869 1.81673
1870 1.8175
1871 1.81726
1872 1.82959
1873 1.82374
1874 1.84296
1875 1.85273
1876 1.8413
1877 1.8313
1878 1.83678
1879 1.80902
1880 1.80905
1881 1.81048
1882 1.81888
1883 1.80715
1884 1.82262
1885 1.83165
1886 1.81577
1887 1.79004
1888 1.78121
1889 1.7914
1890 1.79288
1891 1.82919
1892 1.82433
1893 1.82879
1894 1.83376
1895 1.83125
1896 1.8305
1897 1.82078
1898 1.80358
1899 1.79051
1900 1.80469
1901 1.80512
1902 1.79662
1903 1.78735
1904 1.79384
1905 1.79833
1906 1.7973
1907 1.8043
1908 1.78705
1909 1.77202
1910 1.77422
1911 1.77882
1912 1.77834
1913 1.78521
1914 1.77549
1915 1.77095
1916 1.7714
1917 1.76927
1918 1.75113
1919 1.76639
1920 1.75459
1921 1.7559
1922 1.75365
1923 1.74718
1924 1.77161
1925 1.75439
1926 1.76285
1927 1.77784
1928 1.77989
1929 1.78518
1930 1.78332
1931 1.79802
1932 1.7789
1933 1.77614
1934 1.75851
1935 1.74824
1936 1.76405
1937 1.75868
1938 1.7853
1939 1.8099
1940 1.79423
1941 1.78435
1942 1.80309
1943 1.8015
1944 1.80285
1945 1.81083
1946 1.78498
1947 1.76908
1948 1.75969
1949 1.73247
1950 1.74323
1951 1.76783
1952 1.7602
1953 1.74434
1954 1.75452
1955 1.7624
1956 1.77509
1957 1.79489
1958 1.75937
1959 1.7594
1960 1.72536
1961 1.7084
1962 1.71288
1963 1.70788
1964 1.69859
1965 1.6772
1966 1.68792
1967 1.68625
1968 1.70267
1969 1.71093
1970 1.71602
1971 1.72338
1972 1.71648
1973 1.71866
1974 1.69705
1975 1.6948
1976 1.69393
1977 1.71291
1978 1.73309
1979 1.71441
1980 1.7047
1981 1.70585
1982 1.70029
1983 1.69626
1984 1.69538
1985 1.70342
1986 1.71176
1987 1.69677
1988 1.70192
1989 1.70773
1990 1.70398
1991 1.6841
1992 1.69744
1993 1.70829
1994 1.70563
1995 1.72557
1996 1.72349
1997 1.73608
1998 1.72714
1999 1.69744
2000 1.67711
2001 1.66363
2002 1.68313
2003 1.69708
2004 1.66701
2005 1.66875
2006 1.6668
2007 1.68153
2008 1.68266
2009 1.66483
2010 1.66023
2011 1.68813
2012 1.66788
2013 1.67461
2014 1.66763
2015 1.65801
2016 1.65503
2017 1.65801
2018 1.67768
2019 1.67789
2020 1.6599
2021 1.64752
2022 1.64018
2023 1.64321
2024 1.66391
2025 1.66547
2026 1.67975
2027 1.67811
2028 1.66408
2029 1.66576
2030 1.68205
2031 1.69018
2032 1.69508
2033 1.69734
2034 1.69634
2035 1.69221
2036 1.68065
2037 1.66401
2038 1.65773
2039 1.66564
2040 1.64143
2041 1.63254
2042 1.63487
2043 1.63014
2044 1.62973
2045 1.6476
2046 1.66042
2047 1.64868
2048 1.60304
2049 1.61279
2050 1.59336
2051 1.59688
2052 1.58682
2053 1.56599
2054 1.57666
2055 1.58653
2056 1.61814
2057 1.62057
2058 1.64095
2059 1.631
2060 1.64602
2061 1.637
2062 1.64279
2063 1.63199
2064 1.64465
2065 1.64061
2066 1.65621
2067 1.65838
2068 1.65245
2069 1.62791
2070 1.63813
2071 1.64672
2072 1.65573
2073 1.64574
2074 1.66107
2075 1.66044
2076 1.6519
2077 1.64686
2078 1.65421
2079 1.65659
2080 1.62339
2081 1.60043
2082 1.56562
2083 1.56821
2084 1.55161
2085 1.52316
2086 1.50673
2087 1.51612
2088 1.49702
2089 1.50523
2090 1.49789
2091 1.53115
2092 1.5351
2093 1.53442
2094 1.52632
2095 1.54613
2096 1.55591
2097 1.5706
2098 1.58652
2099 1.58994
2100 1.57466
2101 1.58386
2102 1.57367
2103 1.57872
2104 1.59891
2105 1.5728
2106 1.58548
2107 1.5807
2108 1.5808
2109 1.60248
2110 1.59783
2111 1.61555
2112 1.60941
2113 1.61212
2114 1.60107
2115 1.58532
2116 1.59257
2117 1.61207
2118 1.60209
2119 1.63183
2120 1.64507
2121 1.67392
2122 1.68561
2123 1.68282
2124 1.69463
2125 1.6939
2126 1.70358
2127 1.69189
2128 1.71862
2129 1.73879
2130 1.73497
2131 1.74256
2132 1.75457
2133 1.75729
2134 1.77449
2135 1.77646
2136 1.77481
2137 1.77271
2138 1.7887
2139 1.77757
2140 1.77698
2141 1.74741
2142 1.74722
2143 1.74223
2144 1.72578
2145 1.72367
2146 1.75307
2147 1.7442
2148 1.75975
2149 1.77259
2150 1.78441
2151 1.8
2152 1.81366
2153 1.82877
2154 1.81706
2155 1.82115
2156 1.82149
2157 1.84046
2158 1.81612
2159 1.81519
2160 1.81268
2161 1.80965
2162 1.81681
2163 1.83046
2164 1.84987
2165 1.88036
2166 1.85347
2167 1.83932
2168 1.83616
2169 1.83496
2170 1.8378
2171 1.83255
2172 1.82382
2173 1.81807
2174 1.84004
2175 1.83857
2176 1.84537
2177 1.85261
2178 1.83406
2179 1.82472
2180 1.83078
2181 1.83698
2182 1.828
2183 1.81276
2184 1.82954
2185 1.82698
2186 1.84387
2187 1.85667
2188 1.84632
2189 1.85519
2190 1.84794
2191 1.87039
2192 1.88196
2193 1.87979
2194 1.8562
2195 1.82926
2196 1.82839
2197 1.8341
2198 1.85001
2199 1.86432
2200 1.8632
2201 1.85291
2202 1.86186
2203 1.85151
2204 1.85096
2205 1.82418
2206 1.82886
2207 1.81584
2208 1.82805
2209 1.80595
2210 1.79306
2211 1.80339
2212 1.81393
2213 1.80255
2214 1.79158
2215 1.81574
2216 1.80455
2217 1.8203
2218 1.82146
2219 1.81411
2220 1.84419
2221 1.85521
2222 1.85234
2223 1.85725
2224 1.82939
2225 1.81824
2226 1.83031
2227 1.83102
2228 1.83595
2229 1.84312
2230 1.85868
2231 1.87626
2232 1.89508
2233 1.86113
2234 1.85278
2235 1.84424
2236 1.82406
2237 1.81958
2238 1.83597
2239 1.84592
2240 1.86938
2241 1.86576
2242 1.87233
2243 1.86285
2244 1.8706
2245 1.89123
2246 1.8803
2247 1.863
2248 1.89923
2249 1.88156
2250 1.87
2251 1.87251
2252 1.87916
2253 1.88015
2254 1.88187
2255 1.89675
2256 1.89771
2257 1.89333
2258 1.88163
2259 1.87644
2260 1.84822
2261 1.83094
2262 1.81663
2263 1.81424
2264 1.8006
2265 1.79712
2266 1.80593
2267 1.82422
2268 1.82585
2269 1.8444
2270 1.84426
2271 1.84019
2272 1.83317
2273 1.84783
2274 1.83854
2275 1.83628
2276 1.83632
2277 1.83655
2278 1.81043
2279 1.82043
2280 1.82725
2281 1.81817
2282 1.81601
2283 1.80521
2284 1.79718
2285 1.79411
2286 1.79752
2287 1.77879
2288 1.77174
2289 1.77119
2290 1.77789
2291 1.76325
2292 1.74646
2293 1.73611
2294 1.76894
2295 1.76894
2296 1.76387
2297 1.77078
2298 1.7712
2299 1.76848
2300 1.77236
2301 1.75719
2302 1.78237
2303 1.79734
2304 1.81192
2305 1.78328
2306 1.78887
2307 1.78594
2308 1.7931
2309 1.81266
2310 1.79769
2311 1.76821
2312 1.80038
2313 1.8117
2314 1.82329
2315 1.81387
2316 1.82756
2317 1.81149
2318 1.79368
2319 1.82017
2320 1.79359
2321 1.80269
2322 1.81883
2323 1.79719
2324 1.80395
2325 1.7817
2326 1.78722
2327 1.77592
2328 1.77112
2329 1.76704
2330 1.77835
2331 1.78463
2332 1.76862
2333 1.78558
2334 1.78496
2335 1.74904
2336 1.7417
2337 1.75741
2338 1.76947
2339 1.74337
2340 1.74007
2341 1.75066
2342 1.74816
2343 1.74506
2344 1.74431
2345 1.76344
2346 1.7573
2347 1.7604
2348 1.78068
2349 1.76926
2350 1.74472
2351 1.73905
2352 1.73717
2353 1.71691
2354 1.72107
2355 1.73303
2356 1.74428
2357 1.7419
2358 1.75887
2359 1.77367
2360 1.76521
2361 1.76953
2362 1.78363
2363 1.77216
2364 1.76992
2365 1.75621
2366 1.74929
2367 1.73158
2368 1.74965
2369 1.73852
2370 1.73527
2371 1.72647
2372 1.70045
2373 1.69566
2374 1.67832
2375 1.67867
2376 1.69636
2377 1.70997
2378 1.69773
2379 1.70243
2380 1.71771
2381 1.71555
2382 1.72667
2383 1.75174
2384 1.73857
2385 1.72799
2386 1.71831
2387 1.70887
2388 1.7264
2389 1.71085
2390 1.70028
2391 1.70171
2392 1.68494
2393 1.70845
2394 1.68443
2395 1.66605
2396 1.65208
2397 1.64267
2398 1.65799
2399 1.63978
2400 1.62484
2401 1.5992
2402 1.62856
2403 1.62803
2404 1.64394
2405 1.63575
2406 1.63857
2407 1.64872
2408 1.64281
2409 1.63879
2410 1.66551
2411 1.66165
2412 1.66756
2413 1.66976
2414 1.65126
2415 1.61258
2416 1.61878
2417 1.63899
2418 1.63813
2419 1.64184
2420 1.64272
2421 1.63974
2422 1.65316
2423 1.66186
2424 1.67073
2425 1.66642
2426 1.67148
2427 1.67336
2428 1.6608
2429 1.6895
2430 1.67464
2431 1.67466
2432 1.66036
2433 1.65885
2434 1.66554
2435 1.647
2436 1.65681
2437 1.64784
2438 1.63699
2439 1.63243
2440 1.62835
2441 1.62807
2442 1.63092
2443 1.64403
2444 1.65846
2445 1.65299
2446 1.65291
2447 1.65298
2448 1.64332
2449 1.62829
2450 1.62939
2451 1.64056
2452 1.66296
2453 1.64498
2454 1.62999
2455 1.6068
2456 1.60299
2457 1.59661
2458 1.5874
2459 1.5856
2460 1.57649
2461 1.58774
2462 1.61477
2463 1.5972
2464 1.61563
2465 1.59885
2466 1.59045
2467 1.6062
2468 1.60226
2469 1.56393
2470 1.55656
2471 1.56015
2472 1.55859
2473 1.54017
2474 1.52177
2475 1.53491
2476 1.54068
2477 1.53754
2478 1.53019
2479 1.52965
2480 1.52837
2481 1.53249
2482 1.55081
2483 1.55034
2484 1.55545
2485 1.56977
2486 1.5639
2487 1.53411
2488 1.54185
2489 1.54484
2490 1.53577
2491 1.53685
2492 1.5415
2493 1.55029
2494 1.53588
2495 1.52934
2496 1.53628
2497 1.53771
2498 1.53951
2499 1.53538
2500 1.53766
2501 1.54915
2502 1.53539
2503 1.52666
2504 1.51365
2505 1.51121
2506 1.52449
2507 1.54728
2508 1.53688
2509 1.558
2510 1.5668
2511 1.57367
2512 1.56025
2513 1.56284
2514 1.5798
2515 1.58826
2516 1.56811
2517 1.57013
2518 1.56768
2519 1.58857
2520 1.60382
2521 1.60239
2522 1.61499
2523 1.60883
2524 1.59953
2525 1.59835
2526 1.56913
2527 1.56088
2528 1.56844
2529 1.58593
2530 1.56238
2531 1.54851
2532 1.57422
2533 1.58835
2534 1.59052
2535 1.62109
2536 1.61294
2537 1.63789
2538 1.6279
2539 1.62467
2540 1.61909
2541 1.62294
2542 1.61298
2543 1.61497
2544 1.61979
2545 1.62519
2546 1.63101
2547 1.63474
2548 1.64261
2549 1.6357
2550 1.62839
2551 1.6551
2552 1.67058
2553 1.65764
2554 1.63354
2555 1.645
2556 1.64868
2557 1.65653
2558 1.65017
2559 1.67005
2560 1.65332
2561 1.65169
2562 1.66201
2563 1.6856
2564 1.68545
2565 1.6843
2566 1.69437
2567 1.70814
2568 1.69926
2569 1.70608
2570 1.71269
2571 1.7067
2572 1.71506
2573 1.7081
2574 1.69844
2575 1.68251
2576 1.67634
2577 1.6887
2578 1.68288
2579 1.67767
2580 1.66858
2581 1.69565
2582 1.71159
2583 1.73064
2584 1.71759
2585 1.72325
2586 1.74039
2587 1.75189
2588 1.76311
2589 1.75024
2590 1.74685
2591 1.74058
2592 1.73502
2593 1.7543
2594 1.76423
2595 1.75991
2596 1.7723
2597 1.77325
2598 1.79362
2599 1.77949
2600 1.79793
2601 1.79622
2602 1.79757
2603 1.80313
2604 1.78413
2605 1.78878
2606 1.7935
2607 1.77594
2608 1.79037
2609 1.78284
2610 1.76745
2611 1.78707
2612 1.78463
2613 1.80246
2614 1.78893
2615 1.79838
2616 1.80304
2617 1.83116
2618 1.81894
2619 1.79199
2620 1.78994
2621 1.77127
2622 1.78937
2623 1.78685
2624 1.77936
2625 1.77973
2626 1.78887
2627 1.79018
2628 1.78132
2629 1.77633
2630 1.766
2631 1.7503
2632 1.75905
2633 1.72481
2634 1.73079
2635 1.72632
2636 1.72255
2637 1.67685
2638 1.65831
2639 1.66108
2640 1.65391
2641 1.64698
2642 1.67038
2643 1.65935
2644 1.65373
2645 1.66009
2646 1.66861
2647 1.67083
2648 1.65832
2649 1.69048
2650 1.69676
2651 1.69474
2652 1.67478
2653 1.68355
2654 1.68364
2655 1.68781
2656 1.71435
2657 1.72373
2658 1.72042
2659 1.71933
2660 1.7361
2661 1.73427
2662 1.74193
2663 1.76946
2664 1.73667
2665 1.73819
2666 1.72165
2667 1.71634
2668 1.75068
2669 1.73893
2670 1.74032
2671 1.73412
2672 1.74816
2673 1.71624
2674 1.74178
2675 1.75563
2676 1.7389
2677 1.73248
2678 1.75781
2679 1.77604
2680 1.78765
2681 1.79025
2682 1.79063
2683 1.76152
2684 1.75607
2685 1.75364
2686 1.77806
2687 1.79689
2688 1.7565
2689 1.73542
2690 1.73743
2691 1.74314
2692 1.74625
2693 1.74292
2694 1.74283
2695 1.70646
2696 1.70888
2697 1.73291
2698 1.72553
2699 1.72344
2700 1.75651
2701 1.75054
2702 1.73081
2703 1.74828
2704 1.73531
2705 1.73559
2706 1.73593
2707 1.73888
2708 1.72747
2709 1.72964
2710 1.74215
2711 1.77134
2712 1.78329
2713 1.79148
2714 1.80152
2715 1.80109
2716 1.81829
2717 1.82835
2718 1.83116
2719 1.84207
2720 1.84541
2721 1.85289
2722 1.83643
2723 1.84242
2724 1.83548
2725 1.84277
2726 1.87262
2727 1.85874
2728 1.84762
2729 1.86269
2730 1.88044
2731 1.88669
2732 1.89343
2733 1.86592
2734 1.85793
2735 1.85825
2736 1.87853
2737 1.8879
2738 1.89095
2739 1.88508
2740 1.85136
2741 1.85694
2742 1.85813
2743 1.85637
2744 1.85824
2745 1.84944
2746 1.87395
2747 1.8806
2748 1.8735
2749 1.86655
2750 1.85479
2751 1.89829
2752 1.89891
2753 1.90915
2754 1.91283
2755 1.92112
2756 1.88683
2757 1.86888
2758 1.87938
2759 1.90365
2760 1.88077
2761 1.87341
2762 1.85965
2763 1.87927
2764 1.88904
2765 1.89095
2766 1.86162
2767 1.8683
2768 1.86724
2769 1.85724
2770 1.87187
2771 1.85095
2772 1.84024
2773 1.8485
2774 1.87682
2775 1.88359
2776 1.87683
2777 1.87955
2778 1.88105
2779 1.88536
2780 1.86319
2781 1.87564
2782 1.89244
2783 1.90035
2784 1.91385
2785 1.91954
2786 1.90831
2787 1.91308
2788 1.89301
2789 1.90442
2790 1.91313
2791 1.8959
2792 1.92009
2793 1.91885
2794 1.91927
2795 1.8989
2796 1.88673
2797 1.88843
2798 1.8992
2799 1.9091
2800 1.90462
2801 1.90713
2802 1.89977
2803 1.90613
2804 1.90098
2805 1.88915
2806 1.8931
2807 1.8821
2808 1.86618
2809 1.8587
2810 1.87657
2811 1.87103
2812 1.85457
2813 1.86437
2814 1.87623
2815 1.86328
2816 1.86229
2817 1.84457
2818 1.85214
2819 1.8753
2820 1.87351
2821 1.88124
2822 1.84533
2823 1.84696
2824 1.84872
2825 1.84746
2826 1.8527
2827 1.84812
2828 1.83153
2829 1.83655
2830 1.82606
2831 1.82908
2832 1.82274
2833 1.83068
2834 1.8459
2835 1.83714
2836 1.85823
2837 1.85688
2838 1.85502
2839 1.85704
2840 1.85991
2841 1.83638
2842 1.83721
2843 1.84327
2844 1.82664
2845 1.8364
2846 1.80965
2847 1.81387
2848 1.81929
2849 1.82267
2850 1.84061
2851 1.8694
2852 1.84218
2853 1.82417
2854 1.83856
2855 1.84431
2856 1.85895
2857 1.84019
2858 1.81222
2859 1.83373
2860 1.80479
2861 1.80634
2862 1.80499
2863 1.81501
2864 1.82383
2865 1.82737
2866 1.84895
2867 1.86464
2868 1.86418
2869 1.86938
2870 1.87592
2871 1.86624
2872 1.85317
2873 1.84569
2874 1.8643
2875 1.85217
2876 1.86018
2877 1.85537
2878 1.85556
2879 1.86055
2880 1.89559
2881 1.88454
2882 1.88975
2883 1.89733
2884 1.88738
2885 1.88161
2886 1.87664
2887 1.86222
2888 1.8594
2889 1.87312
2890 1.87814
2891 1.88169
2892 1.85703
2893 1.86026
2894 1.8682
2895 1.89629
2896 1.91317
2897 1.92503
2898 1.92767
2899 1.92599
2900 1.92412
2901 1.92776
2902 1.92419
2903 1.91109
2904 1.90312
2905 1.89962
2906 1.89649
2907 1.87666
2908 1.86272
2909 1.87432
2910 1.85303
2911 1.86245
2912 1.87719
2913 1.8782
2914 1.85572
2915 1.85197
2916 1.85903
2917 1.87877
2918 1.86675
2919 1.8859
2920 1.88105
2921 1.87505
2922 1.85699
2923 1.88053
2924 1.87058
2925 1.86738
2926 1.87951
2927 1.89452
2928 1.89447
2929 1.92595
2930 1.92213
2931 1.91336
2932 1.92778
2933 1.9289
2934 1.92059
2935 1.94677
2936 1.94679
2937 1.92379
2938 1.9076
2939 1.90381
2940 1.88142
2941 1.89068
2942 1.88803
2943 1.90556
2944 1.90305
2945 1.88713
2946 1.89531
2947 1.92558
2948 1.91876
2949 1.94633
2950 1.93644
2951 1.90961
2952 1.88912
2953 1.88574
2954 1.89609
2955 1.87812
2956 1.87687
2957 1.87161
2958 1.88005
2959 1.87655
2960 1.86939
2961 1.86598
2962 1.85764
2963 1.85504
2964 1.85565
2965 1.86524
2966 1.87204
2967 1.87215
2968 1.85777
2969 1.85845
2970 1.84622
2971 1.85053
2972 1.85047
2973 1.85732
2974 1.85802
2975 1.87726
2976 1.8606
2977 1.85338
2978 1.86704
2979 1.84428
2980 1.85432
2981 1.87179
2982 1.86904
2983 1.88174
2984 1.89005
2985 1.89478
2986 1.90268
2987 1.89639
2988 1.90373
2989 1.88027
2990 1.89418
2991 1.89781
2992 1.88991
2993 1.89855
2994 1.88954
2995 1.911
2996 1.91102
2997 1.91031
2998 1.92349
2999 1.91963
3000 1.91825
3001 1.93711
3002 1.93003
3003 1.94532
3004 1.95388
3005 1.94995
3006 1.95824
3007 1.94285
3008 1.91753
3009 1.90185
3010 1.91173
3011 1.90807
3012 1.92305
3013 1.92782
3014 1.92539
3015 1.94111
3016 1.95342
3017 1.94772
3018 1.92547
3019 1.92131
3020 1.93795
3021 1.92049
3022 1.90194
3023 1.89367
3024 1.90804
3025 1.92465
3026 1.93349
3027 1.92837
3028 1.92162
3029 1.91711
3030 1.90865
3031 1.91759
3032 1.92683
3033 1.92678
3034 1.90446
3035 1.88997
3036 1.89687
3037 1.91642
3038 1.91568
3039 1.93154
3040 1.92527
3041 1.91914
3042 1.90711
3043 1.90967
3044 1.91443
3045 1.9229
3046 1.91229
3047 1.92095
3048 1.88918
3049 1.87462
3050 1.88086
3051 1.88221
3052 1.88304
3053 1.87536
3054 1.86378
3055 1.84873
3056 1.86107
3057 1.84559
3058 1.85292
3059 1.83471
3060 1.84021
3061 1.82938
3062 1.82189
3063 1.83553
3064 1.83679
3065 1.86752
3066 1.88388
3067 1.9001
3068 1.89155
3069 1.86165
3070 1.84027
3071 1.83751
3072 1.83661
3073 1.83544
3074 1.83469
3075 1.8508
3076 1.85773
3077 1.84515
3078 1.85131
3079 1.86573
3080 1.86165
3081 1.8511
3082 1.84503
3083 1.85835
3084 1.86225
3085 1.86153
3086 1.86293
3087 1.84368
3088 1.84823
3089 1.86855
3090 1.88014
3091 1.86651
3092 1.86666
3093 1.83539
3094 1.84134
3095 1.85982
3096 1.85536
3097 1.85924
3098 1.88222
3099 1.88189
3100 1.89292
3101 1.88855
3102 1.87951
3103 1.87613
3104 1.86841
3105 1.879
3106 1.88662
3107 1.89818
3108 1.89704
3109 1.89379
3110 1.89029
3111 1.89933
3112 1.89096
3113 1.89958
3114 1.90471
3115 1.9145
3116 1.9374
3117 1.91264
3118 1.91993
3119 1.93424
3120 1.93454
3121 1.94423
3122 1.94825
3123 1.92872
3124 1.92112
3125 1.93183
3126 1.94155
3127 1.94967
3128 1.93734
3129 1.94151
3130 1.95456
3131 1.94595
3132 1.94788
3133 1.97041
3134 1.98985
3135 1.99133
3136 1.97179
3137 1.94729
3138 1.93734
3139 1.92871
3140 1.92511
3141 1.91313
3142 1.88816
3143 1.91517
3144 1.90015
3145 1.90698
3146 1.9116
3147 1.92568
3148 1.91038
3149 1.91569
3150 1.93893
3151 1.93363
3152 1.92721
3153 1.91422
3154 1.92228
3155 1.91782
3156 1.90312
3157 1.9
3158 1.88064
3159 1.86677
3160 1.89306
3161 1.8969
3162 1.90124
3163 1.91015
3164 1.89977
3165 1.88841
3166 1.87312
3167 1.88005
3168 1.86814
3169 1.87162
3170 1.87559
3171 1.86784
3172 1.88035
3173 1.86957
3174 1.86662
3175 1.86923
3176 1.86324
3177 1.86565
3178 1.87776
3179 1.89549
3180 1.90424
3181 1.9072
3182 1.91947
3183 1.92237
3184 1.93349
3185 1.9202
3186 1.91156
3187 1.90857
3188 1.9005
3189 1.89922
3190 1.88798
3191 1.8919
3192 1.87761
3193 1.88006
3194 1.87883
3195 1.89355
3196 1.90077
3197 1.8993
3198 1.88998
3199 1.86895
3200 1.8675
3201 1.84916
3202 1.84101
3203 1.83243
3204 1.8139
3205 1.79987
3206 1.79339
3207 1.78699
3208 1.78573
3209 1.79638
3210 1.79623
3211 1.80589
3212 1.81484
3213 1.81453
3214 1.79724
3215 1.80157
3216 1.81089
3217 1.81523
3218 1.82297
3219 1.83251
3220 1.84278
3221 1.85166
3222 1.85152
3223 1.83347
3224 1.80781
3225 1.7965
3226 1.77945
3227 1.7838
3228 1.7835
3229 1.75936
3230 1.72773
3231 1.73482
3232 1.74614
3233 1.75491
3234 1.76614
3235 1.78177
3236 1.7811
3237 1.76585
3238 1.75655
3239 1.75516
3240 1.74832
3241 1.75763
3242 1.7452
3243 1.74055
3244 1.71748
3245 1.7296
3246 1.69986
3247 1.71085
3248 1.71172
3249 1.73161
3250 1.72995
3251 1.71852
3252 1.74656
3253 1.72618
3254 1.74362
3255 1.73527
3256 1.72643
3257 1.74871
3258 1.73295
3259 1.74122
3260 1.74913
3261 1.73365
3262 1.73778
3263 1.71322
3264 1.70904
3265 1.69963
3266 1.70917
3267 1.69144
3268 1.68407
3269 1.683
3270 1.68049
3271 1.71333
3272 1.71733
3273 1.70899
3274 1.72074
3275 1.69182
3276 1.71201
3277 1.71747
3278 1.73253
3279 1.7345
3280 1.73977
3281 1.74222
3282 1.73563
3283 1.7394
3284 1.74522
3285 1.74325
3286 1.72115
3287 1.74584
3288 1.74803
3289 1.74044
3290 1.74275
3291 1.75235
3292 1.75027
3293 1.75297
3294 1.74204
3295 1.75352
3296 1.75913
3297 1.76556
3298 1.7524
3299 1.76842
3300 1.76458
3301 1.75519
3302 1.75217
3303 1.77855
3304 1.74768
3305 1.76316
3306 1.75011
3307 1.75004
3308 1.76161
3309 1.71925
3310 1.70873
3311 1.70832
3312 1.69998
3313 1.69793
3314 1.70348
3315 1.6847
3316 1.69192
3317 1.69693
3318 1.70721
3319 1.72149
3320 1.73906
3321 1.7561
3322 1.78196
3323 1.76232
3324 1.73971
3325 1.72984
3326 1.71812
3327 1.70124
3328 1.73447
3329 1.7569
3330 1.73617
3331 1.71496
3332 1.7128
3333 1.71373
3334 1.7091
3335 1.71053
3336 1.70787
3337 1.72331
3338 1.73385
3339 1.76537
3340 1.76907
3341 1.74406
3342 1.75481
3343 1.74336
3344 1.73829
3345 1.72756
3346 1.72138
3347 1.70824
3348 1.70267
3349 1.71415
3350 1.71371
3351 1.69248
3352 1.68625
3353 1.69571
3354 1.70562
3355 1.69519
3356 1.68869
3357 1.68636
3358 1.6792
3359 1.66477
3360 1.6716
3361 1.67443
3362 1.66549
3363 1.6932
3364 1.68722
3365 1.69634
3366 1.69279
3367 1.67204
3368 1.6432
3369 1.64697
3370 1.63628
3371 1.64749
3372 1.63239
3373 1.63855
3374 1.65184
3375 1.65709
3376 1.63132
3377 1.61455
3378 1.61087
3379 1.58874
3380 1.6131
3381 1.62458
3382 1.60396
3383 1.61412
3384 1.61808
3385 1.60815
3386 1.60946
3387 1.63368
3388 1.65957
3389 1.66355
3390 1.65282
3391 1.66468
3392 1.65825
3393 1.66246
3394 1.64255
3395 1.6665
3396 1.64643
3397 1.64986
3398 1.64648
3399 1.64646
3400 1.64377
3401 1.639
3402 1.63243
3403 1.62014
3404 1.65097
3405 1.67538
3406 1.67994
3407 1.69179
3408 1.71308
3409 1.70247
3410 1.69509
3411 1.68218
3412 1.69173
3413 1.69599
3414 1.69446
3415 1.70028
3416 1.70758
3417 1.69748
3418 1.69784
3419 1.69248
3420 1.68301
3421 1.70498
3422 1.71659
3423 1.69595
3424 1.69397
3425 1.69939
3426 1.69865
3427 1.67896
3428 1.70532
3429 1.70791
3430 1.70335
3431 1.70084
3432 1.69016
3433 1.72441
3434 1.72886
3435 1.72993
3436 1.72968
3437 1.72138
3438 1.7334
3439 1.72772
3440 1.73469
3441 1.71313
3442 1.72021
3443 1.70042
3444 1.70035
3445 1.7023
3446 1.69616
3447 1.706
3448 1.70773
3449 1.71631
3450 1.72314
3451 1.73374
3452 1.72413
3453 1.71832
3454 1.71031
3455 1.72049
3456 1.72603
3457 1.71366
3458 1.75339
3459 1.75272
3460 1.75
3461 1.70704
3462 1.73807
3463 1.72781
3464 1.73625
3465 1.75373
3466 1.74898
3467 1.72611
3468 1.73733
3469 1.74401
3470 1.71703
3471 1.73278
3472 1.75
3473 1.7623
3474 1.75493
3475 1.73452
3476 1.71869
3477 1.71286
3478 1.70109
3479 1.69836
3480 1.69987
3481 1.71099
3482 1.68115
3483 1.69967
3484 1.70615
3485 1.73663
3486 1.76996
3487 1.77222
3488 1.76011
3489 1.76178
3490 1.77537
3491 1.782
3492 1.7784
3493 1.77498
3494 1.78262
3495 1.78217
3496 1.8027
3497 1.77947
3498 1.7826
3499 1.78787
3500 1.76863
3501 1.76111
3502 1.75605
3503 1.75942
3504 1.78426
3505 1.80321
3506 1.77543
3507 1.77794
3508 1.76183
3509 1.77904
3510 1.76808
3511 1.78467
3512 1.77875
3513 1.76213
3514 1.78021
3515 1.78305
3516 1.79389
3517 1.79213
3518 1.80681
3519 1.82815
3520 1.82727
3521 1.84752
3522 1.84401
3523 1.84991
3524 1.83649
3525 1.83598
3526 1.87025
3527 1.87198
3528 1.87384
3529 1.8575
3530 1.84422
3531 1.85422
3532 1.84737
3533 1.87062
3534 1.87516
3535 1.88664
3536 1.87468
3537 1.853
3538 1.84701
3539 1.83257
3540 1.84859
3541 1.83307
3542 1.85276
3543 1.84002
3544 1.87003
3545 1.85277
3546 1.8659
3547 1.85663
3548 1.85128
3549 1.8619
3550 1.86712
3551 1.85905
3552 1.83767
3553 1.82459
3554 1.84071
3555 1.85221
3556 1.84304
3557 1.85038
3558 1.83948
3559 1.84809
3560 1.83942
3561 1.85789
3562 1.85973
3563 1.85015
3564 1.85418
3565 1.86317
3566 1.8507
3567 1.85361
3568 1.83724
3569 1.85224
3570 1.82692
3571 1.81667
3572 1.81144
3573 1.79544
3574 1.80115
3575 1.83234
3576 1.83042
3577 1.83067
3578 1.82689
3579 1.79858
3580 1.80872
3581 1.78271
3582 1.78674
3583 1.77537
3584 1.7643
3585 1.75332
3586 1.75734
3587 1.7623
3588 1.76945
3589 1.74607
3590 1.76595
3591 1.75158
3592 1.74477
3593 1.76157
3594 1.77663
3595 1.78911
3596 1.77983
3597 1.796
3598 1.80951
3599 1.83794
3600 1.82173
3601 1.82596
3602 1.82752
3603 1.83273
3604 1.8187
3605 1.81928
3606 1.81934
3607 1.79014
3608 1.80345
3609 1.79099
3610 1.78135
3611 1.76621
3612 1.77951
3613 1.76101
3614 1.77225
3615 1.76433
3616 1.76418
3617 1.77032
3618 1.77675
3619 1.77186
3620 1.77347
3621 1.78933
3622 1.78651
3623 1.77691
3624 1.7729
3625 1.74754
3626 1.7592
3627 1.78328
3628 1.79878
3629 1.80453
3630 1.79635
3631 1.81944
3632 1.83474
3633 1.8458
3634 1.86946
3635 1.85237
3636 1.85826
3637 1.85198
3638 1.85311
3639 1.85051
3640 1.85105
3641 1.84559
3642 1.84254
3643 1.83098
3644 1.83669
3645 1.81522
3646 1.82276
3647 1.82718
3648 1.82274
3649 1.79436
3650 1.78454
3651 1.79648
3652 1.81782
3653 1.81505
3654 1.82868
3655 1.82695
3656 1.81607
3657 1.79487
3658 1.78739
3659 1.82051
3660 1.84268
3661 1.84275
3662 1.86024
3663 1.83566
3664 1.82105
3665 1.83975
3666 1.83579
3667 1.85184
3668 1.85958
3669 1.83678
3670 1.84676
3671 1.85564
3672 1.86919
3673 1.88266
3674 1.88231
3675 1.90186
3676 1.88688
3677 1.87928
3678 1.8843
3679 1.85489
3680 1.85776
3681 1.85242
3682 1.82852
3683 1.81827
3684 1.81698
3685 1.85222
3686 1.85961
3687 1.86249
3688 1.84904
3689 1.82745
3690 1.82739
3691 1.8435
3692 1.8461
3693 1.82068
3694 1.83954
3695 1.8403
3696 1.82945
3697 1.85101
3698 1.84813
3699 1.84888
3700 1.82365
3701 1.83304
3702 1.8237
3703 1.83802
3704 1.84337
3705 1.84058
3706 1.83468
3707 1.8362
3708 1.83545
3709 1.82969
3710 1.85495
3711 1.86816
3712 1.85253
3713 1.86267
3714 1.85439
3715 1.85689
3716 1.86343
3717 1.85195
3718 1.8349
3719 1.83489
3720 1.82212
3721 1.82246
3722 1.8432
3723 1.83604
3724 1.82751
3725 1.82805
3726 1.81909
3727 1.83546
3728 1.83818
3729 1.85193
3730 1.87624
3731 1.88841
3732 1.87199
3733 1.85608
3734 1.84256
3735 1.85404
3736 1.86547
3737 1.86817
3738 1.88432
3739 1.87761
3740 1.86479
3741 1.86645
3742 1.87589
3743 1.89282
3744 1.87492
3745 1.88311
3746 1.87962
3747 1.87173
3748 1.87087
3749 1.86628
3750 1.87525
3751 1.85932
3752 1.86038
3753 1.86206
3754 1.8664
3755 1.85279
3756 1.84259
3757 1.84457
3758 1.85118
3759 1.87836
3760 1.89544
3761 1.88345
3762 1.89692
3763 1.86842
3764 1.89118
3765 1.90878
3766 1.9224
3767 1.93905
3768 1.931
3769 1.92604
3770 1.94607
3771 1.94256
3772 1.95306
3773 1.95429
3774 1.94885
3775 1.96988
3776 1.95589
3777 1.97041
3778 1.97653
3779 1.95338
3780 1.94285
3781 1.93518
3782 1.94394
3783 1.94914
3784 1.9487
3785 1.92812
3786 1.91496
3787 1.91774
3788 1.93771
3789 1.94407
3790 1.94207
3791 1.93071
3792 1.92349
3793 1.89828
3794 1.88279
3795 1.88251
3796 1.86483
3797 1.86624
3798 1.87948
3799 1.85721
3800 1.85403
3801 1.87546
3802 1.91125
3803 1.92089
3804 1.92562
3805 1.94693
3806 1.9528
3807 1.95641
3808 1.94354
3809 1.91951
3810 1.92062
3811 1.92614
3812 1.92116
3813 1.8879
3814 1.88335
3815 1.86807
3816 1.87939
3817 1.89551
3818 1.89938
3819 1.90935
3820 1.90407
3821 1.88816
3822 1.89265
3823 1.88587
3824 1.89003
3825 1.89004
3826 1.88454
3827 1.90757
3828 1.92195
3829 1.92923
3830 1.92941
3831 1.95203
3832 1.93444
3833 1.91738
3834 1.90172
3835 1.9182
3836 1.91831
3837 1.92464
3838 1.9093
3839 1.90626
3840 1.89855
3841 1.90385
3842 1.89815
3843 1.8889
3844 1.87814
3845 1.84522
3846 1.86817
3847 1.87718
3848 1.89363
3849 1.85218
3850 1.83569
3851 1.82732
3852 1.82186
3853 1.81283
3854 1.82472
3855 1.8259
3856 1.83622
3857 1.83084
3858 1.84263
3859 1.82843
3860 1.84027
3861 1.84644
3862 1.84357
3863 1.84607
3864 1.83503
3865 1.84077
3866 1.83114
3867 1.8305
3868 1.83195
3869 1.8061
3870 1.80667
3871 1.81362
3872 1.79757
3873 1.82084
3874 1.82188
3875 1.81667
3876 1.80388
3877 1.82659
3878 1.81417
3879 1.81116
3880 1.78562
3881 1.80218
3882 1.79279
3883 1.80514
3884 1.80091
3885 1.79346
3886 1.80975
3887 1.79573
3888 1.78904
3889 1.7778
3890 1.77977
3891 1.78976
3892 1.78514
3893 1.79211
3894 1.78188
3895 1.75573
3896 1.76487
3897 1.77263
3898 1.7421
3899 1.74297
3900 1.73548
3901 1.75872
3902 1.75153
3903 1.7589
3904 1.73108
3905 1.73661
3906 1.72571
3907 1.7115
3908 1.74829
3909 1.72981
3910 1.74875
3911 1.75845
3912 1.73579
3913 1.71875
3914 1.69747
3915 1.69281
3916 1.71282
3917 1.70736
3918 1.71144
3919 1.71901
3920 1.73534
3921 1.73474
3922 1.73512
3923 1.71627
3924 1.71278
3925 1.70862
3926 1.73189
3927 1.7431
3928 1.74489
3929 1.73405
3930 1.70233
3931 1.7004
3932 1.71761
3933 1.71284
3934 1.71311
3935 1.72505
3936 1.74177
3937 1.73617
3938 1.74249
3939 1.74421
3940 1.75983
3941 1.78545
3942 1.8143
3943 1.81086
3944 1.83804
3945 1.84397
3946 1.85106
3947 1.84683
3948 1.85533
3949 1.83232
3950 1.82243
3951 1.82456
3952 1.84239
3953 1.83629
3954 1.83681
3955 1.82517
3956 1.82032
3957 1.80227
3958 1.78888
3959 1.77987
3960 1.76328
3961 1.75834
3962 1.76446
3963 1.764
3964 1.73218
3965 1.74371
3966 1.72063
3967 1.74705
3968 1.73078
3969 1.74009
3970 1.7609
3971 1.759
3972 1.78274
3973 1.74922
3974 1.74169
3975 1.75233
3976 1.75966
3977 1.74478
3978 1.7258
3979 1.70497
3980 1.6789
3981 1.67499
3982 1.65651
3983 1.67401
3984 1.67162
3985 1.70412
3986 1.68256
3987 1.68912
3988 1.72289
3989 1.73105
3990 1.73935
3991 1.75049
3992 1.76389
3993 1.78017
3994 1.77295
3995 1.76283
3996 1.7753
3997 1.77193
3998 1.76911
3999 1.78969
4000 1.78523
4001 1.77342
4002 1.79676
4003 1.82219
4004 1.80731
4005 1.80913
4006 1.80664
4007 1.8025
4008 1.78778
4009 1.809
4010 1.8232
4011 1.83456
4012 1.82695
4013 1.81628
4014 1.79716
4015 1.78841
4016 1.77736
4017 1.79899
4018 1.80054
4019 1.81088
4020 1.80416
4021 1.82173
4022 1.81541
4023 1.79128
4024 1.7838
4025 1.75884
4026 1.81483
4027 1.81692
4028 1.82446
4029 1.83276
4030 1.85244
4031 1.86782
4032 1.86264
4033 1.85765
4034 1.87521
4035 1.87239
4036 1.85872
4037 1.88018
4038 1.89738
4039 1.89136
4040 1.87535
4041 1.87466
4042 1.87077
4043 1.89272
4044 1.88295
4045 1.87496
4046 1.87993
4047 1.85861
4048 1.83941
4049 1.866
4050 1.85559
4051 1.85536
4052 1.85692
4053 1.85615
4054 1.86968
4055 1.87109
4056 1.88434
4057 1.89797
4058 1.88154
4059 1.88483
4060 1.88249
4061 1.87068
4062 1.88549
4063 1.87567
4064 1.88627
4065 1.90587
4066 1.89676
4067 1.89999
4068 1.92071
4069 1.91769
4070 1.9262
4071 1.90642
4072 1.88128
4073 1.90169
4074 1.90018
4075 1.90592
4076 1.90012
4077 1.87844
4078 1.88865
4079 1.89842
4080 1.90677
4081 1.92284
4082 1.94118
4083 1.9507
4084 1.95641
4085 1.93592
4086 1.93459
4087 1.92843
4088 1.94172
4089 1.93484
4090 1.95026
4091 1.96443
4092 1.95943
4093 1.96818
4094 1.97832
4095 1.97305
4096 1.98373
4097 1.9807
4098 1.99663
4099 1.98699
4100 2.01116
4101 1.99857
4102 1.98203
4103 1.98954
4104 1.98013
4105 1.98939
4106 1.97276
4107 1.97755
4108 1.97994
4109 1.97296
4110 1.95877
4111 1.95346
4112 1.9322
4113 1.92727
4114 1.93604
4115 1.95537
4116 1.94962
4117 1.91715
4118 1.91623
4119 1.90814
4120 1.91447
4121 1.9139
4122 1.91817
4123 1.90492
4124 1.8934
4125 1.92545
4126 1.92465
4127 1.90899
4128 1.91133
4129 1.90581
4130 1.89832
4131 1.89673
4132 1.8876
4133 1.88144
4134 1.88309
4135 1.89745
4136 1.87663
4137 1.87572
4138 1.88126
4139 1.87793
4140 1.88643
4141 1.88944
4142 1.88564
4143 1.8861
4144 1.87875
4145 1.85673
4146 1.84026
4147 1.86095
4148 1.86201
4149 1.86288
4150 1.8383
4151 1.82679
4152 1.80902
4153 1.80684
4154 1.81351
4155 1.8176
4156 1.86105
4157 1.8803
4158 1.89024
4159 1.86538
4160 1.89342
4161 1.8862
4162 1.87733
4163 1.86695
4164 1.87989
4165 1.87938
4166 1.88523
4167 1.87629
4168 1.88588
4169 1.91099
4170 1.9073
4171 1.91969
4172 1.92501
4173 1.94475
4174 1.95091
4175 1.95824
4176 1.95618
4177 1.9475
4178 1.96025
4179 1.97087
4180 1.9766
4181 1.96454
4182 1.98506
4183 1.97286
4184 1.97505
4185 1.98007
4186 2.02078
4187 2.03083
4188 2.02893
4189 2.03095
4190 2.02912
4191 2.02552
4192 2.00355
4193 2.01441
4194 1.99823
4195 1.99097
4196 1.97491
4197 1.97188
4198 1.9661
4199 1.9637
4200 1.98231
4201 1.96389
4202 1.94233
4203 1.93297
4204 1.92622
4205 1.94436
4206 1.93135
4207 1.96347
4208 1.93409
4209 1.93343
4210 1.9377
4211 1.96064
4212 1.97356
4213 1.97519
4214 1.97473
4215 1.96095
4216 1.94945
4217 1.92381
4218 1.92277
4219 1.93801
4220 1.92152
4221 1.91048
4222 1.9184
4223 1.91732
4224 1.91217
4225 1.93024
4226 1.92198
4227 1.92576
4228 1.92191
4229 1.90607
4230 1.90584
4231 1.89822
4232 1.87863
4233 1.86928
4234 1.85111
4235 1.83093
4236 1.85325
4237 1.85112
4238 1.84931
4239 1.86212
4240 1.88977
4241 1.87774
4242 1.84549
4243 1.83566
4244 1.84395
4245 1.80187
4246 1.82591
4247 1.82111
4248 1.82876
4249 1.83826
4250 1.82627
4251 1.81972
4252 1.80913
4253 1.81595
4254 1.81269
4255 1.8157
4256 1.82303
4257 1.8239
4258 1.83607
4259 1.82282
4260 1.81071
4261 1.80957
4262 1.79399
4263 1.80458
4264 1.79764
4265 1.78509
4266 1.77204
4267 1.77849
4268 1.75488
4269 1.76926
4270 1.76911
4271 1.77761
4272 1.72772
4273 1.7217
4274 1.72199
4275 1.72507
4276 1.73283
4277 1.73925
4278 1.76107
4279 1.76103
4280 1.7615
4281 1.76353
4282 1.7453
4283 1.75368
4284 1.73626
4285 1.71032
4286 1.70413
4287 1.71306
4288 1.71379
4289 1.72383
4290 1.74284
4291 1.74786
4292 1.74422
4293 1.71706
4294 1.69871
4295 1.68964
4296 1.68404
4297 1.68226
4298 1.66409
4299 1.6697
4300 1.67546
4301 1.66709
4302 1.68451
4303 1.66498
4304 1.65739
4305 1.65228
4306 1.64648
4307 1.66685
4308 1.65957
4309 1.66756
4310 1.65838
4311 1.64907
4312 1.65709
4313 1.65166
4314 1.63859
4315 1.65503
4316 1.65964
4317 1.66998
4318 1.68168
4319 1.69616
4320 1.67036
4321 1.67266
4322 1.67192
4323 1.67167
4324 1.70848
4325 1.69375
4326 1.69629
4327 1.70627
4328 1.70534
4329 1.71478
4330 1.6905
4331 1.67442
4332 1.69074
4333 1.68554
4334 1.68281
4335 1.66646
4336 1.66205
4337 1.66527
4338 1.64247
4339 1.6306
4340 1.6209
4341 1.63786
4342 1.64855
4343 1.64251
4344 1.62208
4345 1.61642
4346 1.61558
4347 1.62419
4348 1.63108
4349 1.66021
4350 1.65039
4351 1.65788
4352 1.66402
4353 1.66511
4354 1.66443
4355 1.656
4356 1.67058
4357 1.67169
4358 1.65318
4359 1.6495
4360 1.64091
4361 1.63009
4362 1.63475
4363 1.63174
4364 1.6537
4365 1.67171
4366 1.68371
4367 1.68842
4368 1.68588
4369 1.703
4370 1.69707
4371 1.68794
4372 1.69505
4373 1.68395
4374 1.68346
4375 1.69455
4376 1.7174
4377 1.70425
4378 1.74939
4379 1.71053
4380 1.72041
4381 1.71388
4382 1.70975
4383 1.71595
4384 1.71184
4385 1.70221
4386 1.68292
4387 1.68556
4388 1.68652
4389 1.6836
4390 1.68805
4391 1.67845
4392 1.69346
4393 1.67973
4394 1.69879
4395 1.70174
4396 1.68853
4397 1.6882
4398 1.69829
4399 1.69481
4400 1.6907
4401 1.66722
4402 1.66708
4403 1.6569
4404 1.67058
4405 1.6597
4406 1.66639
4407 1.65618
4408 1.67071
4409 1.66858
4410 1.66796
4411 1.66982
4412 1.66921
4413 1.66419
4414 1.66984
4415 1.66087
4416 1.65465
4417 1.67166
4418 1.7033
4419 1.69629
4420 1.67893
4421 1.66122
4422 1.65531
4423 1.65264
4424 1.65576
4425 1.64325
4426 1.63759
4427 1.6338
4428 1.61851
4429 1.59341
4430 1.60684
4431 1.61935
4432 1.58684
4433 1.57308
4434 1.58485
4435 1.58817
4436 1.59312
4437 1.59437
4438 1.58747
4439 1.60124
4440 1.59198
4441 1.58507
4442 1.58349
4443 1.58308
4444 1.56963
4445 1.5661
4446 1.5769
4447 1.5737
4448 1.56774
4449 1.57538
4450 1.56655
4451 1.58446
4452 1.58224
4453 1.58449
4454 1.57701
4455 1.58322
4456 1.58332
4457 1.58834
4458 1.55691
4459 1.55886
4460 1.58238
4461 1.59957
4462 1.59134
4463 1.59228
4464 1.57528
4465 1.54825
4466 1.55926
4467 1.55455
4468 1.57658
4469 1.58512
4470 1.58044
4471 1.60842
4472 1.573
4473 1.55734
4474 1.55137
4475 1.56698
4476 1.57366
4477 1.60215
4478 1.60879
4479 1.588
4480 1.58635
4481 1.57556
4482 1.56586
4483 1.55716
4484 1.57588
4485 1.56458
4486 1.54042
4487 1.53943
4488 1.53857
4489 1.5515
4490 1.55702
4491 1.56821
4492 1.55129
4493 1.52286
4494 1.4929
4495 1.47673
4496 1.48342
4497 1.46543
4498 1.46828
4499 1.47277
4500 1.46632
4501 1.46995
4502 1.47288
4503 1.47473
4504 1.47863
4505 1.50628
4506 1.52785
4507 1.541
4508 1.5414
4509 1.54396
4510 1.55484
4511 1.54473
4512 1.53867
4513 1.52606
4514 1.5274
4515 1.51793
4516 1.51698
4517 1.5385
4518 1.535
4519 1.52817
4520 1.54893
4521 1.56508
4522 1.55102
4523 1.5474
4524 1.55144
4525 1.56032
4526 1.54208
4527 1.55173
4528 1.54983
4529 1.54367
4530 1.51878
4531 1.55997
4532 1.55255
4533 1.56036
4534 1.57105
4535 1.59304
4536 1.60149
4537 1.60577
4538 1.58209
4539 1.5968
4540 1.60368
4541 1.59054
4542 1.58813
4543 1.57946
4544 1.56107
4545 1.57392
4546 1.57981
4547 1.60485
4548 1.60908
4549 1.61805
4550 1.62145
4551 1.62298
4552 1.60136
4553 1.61185
4554 1.61931
4555 1.62768
4556 1.62693
4557 1.62447
4558 1.61705
4559 1.62654
4560 1.63623
4561 1.64445
4562 1.64309
4563 1.64169
4564 1.63305
4565 1.62449
4566 1.64882
4567 1.6329
4568 1.64604
4569 1.65243
4570 1.62596
4571 1.61291
4572 1.62547
4573 1.62721
4574 1.64142
4575 1.62536
4576 1.6299
4577 1.63171
4578 1.63635
4579 1.63348
4580 1.63802
4581 1.62077
4582 1.61667
4583 1.59914
4584 1.61891
4585 1.6208
4586 1.61032
4587 1.62964
4588 1.61651
4589 1.60785
4590 1.603
4591 1.60476
4592 1.60966
4593 1.61133
4594 1.59843
4595 1.58411
4596 1.58517
4597 1.58815
4598 1.58371
4599 1.59826
4600 1.58808
4601 1.5851
4602 1.55701
4603 1.55619
4604 1.54566
4605 1.54487
4606 1.53978
4607 1.56768
4608 1.57109
4609 1.58842
4610 1.56032
4611 1.54982
4612 1.54685
4613 1.55392
4614 1.55421
4615 1.54969
4616 1.52615
4617 1.52655
4618 1.54369
4619 1.51298
4620 1.52966
4621 1.53948
4622 1.55562
4623 1.5771
4624 1.59875
4625 1.60744
4626 1.63546
4627 1.64584
4628 1.64651
4629 1.66698
4630 1.68334
4631 1.67298
4632 1.70063
4633 1.69561
4634 1.70642
4635 1.7142
4636 1.72762
4637 1.72657
4638 1.71573
4639 1.72491
4640 1.75755
4641 1.74224
4642 1.75831
4643 1.76371
4644 1.7616
4645 1.7727
4646 1.76252
4647 1.74592
4648 1.76292
4649 1.75567
4650 1.74563
4651 1.74335
4652 1.72329
4653 1.7387
4654 1.75391
4655 1.74925
4656 1.75256
4657 1.75318
4658 1.75067
4659 1.75252
4660 1.74965
4661 1.74555
4662 1.75133
4663 1.7305
4664 1.75384
4665 1.74915
4666 1.76384
4667 1.74945
4668 1.7562
4669 1.75763
4670 1.75352
4671 1.74751
4672 1.72639
4673 1.73625
4674 1.72343
4675 1.72659
4676 1.70874
4677 1.7321
4678 1.74332
4679 1.72648
4680 1.72172
4681 1.7416
4682 1.71894
4683 1.69677
4684 1.7123
4685 1.70735
4686 1.70771
4687 1.70544
4688 1.69364
4689 1.68008
4690 1.66259
4691 1.66622
4692 1.66352
4693 1.67268
4694 1.67451
4695 1.67892
4696 1.7107
4697 1.6828
4698 1.69509
4699 1.71672
4700 1.7236
4701 1.71438
4702 1.70641
4703 1.73682
4704 1.75986
4705 1.76223
4706 1.74961
4707 1.74249
4708 1.72609
4709 1.72323
4710 1.73499
4711 1.73202
4712 1.75274
4713 1.75833
4714 1.77446
4715 1.77477
4716 1.75338
4717 1.72012
4718 1.70646
4719 1.70087
4720 1.69901
4721 1.68055
4722 1.69036
4723 1.67661
4724 1.67292
4725 1.67355
4726 1.67233
4727 1.67545
4728 1.67968
4729 1.68415
4730 1.68117
4731 1.69427
4732 1.71838
4733 1.70648
4734 1.69514
4735 1.71499
4736 1.68628
4737 1.65641
4738 1.64576
4739 1.63413
4740 1.62294
4741 1.63448
4742 1.6382
4743 1.63595
4744 1.64008
4745 1.6674
4746 1.66999
4747 1.66576
4748 1.6691
4749 1.67506
4750 1.70813
4751 1.71387
4752 1.73259
4753 1.72274
4754 1.70353
4755 1.6854
4756 1.69632
4757 1.71302
4758 1.7191
4759 1.72968
4760 1.72041
4761 1.70278
4762 1.69488
4763 1.70064
4764 1.71592
4765 1.70813
4766 1.71317
4767 1.69816
4768 1.68882
4769 1.68349
4770 1.69313
4771 1.70862
4772 1.70847
4773 1.73577
4774 1.72669
4775 1.74183
4776 1.75849
4777 1.76934
4778 1.80236
4779 1.81049
4780 1.80831
4781 1.80173
4782 1.77991
4783 1.77499
4784 1.78297
4785 1.77319
4786 1.77751
4787 1.78829
4788 1.76557
4789 1.75599
4790 1.77494
4791 1.78476
4792 1.79367
4793 1.8157
4794 1.80998
4795 1.82826
4796 1.83994
4797 1.86447
4798 1.84018
4799 1.83382
4800 1.83784
4801 1.82685
4802 1.84223
4803 1.85708
4804 1.84231
4805 1.82601
4806 1.84746
4807 1.86044
4808 1.85674
4809 1.84832
4810 1.83075
4811 1.85435
4812 1.8515
4813 1.84778
4814 1.86375
4815 1.84659
4816 1.83824
4817 1.85837
4818 1.87155
4819 1.85981
4820 1.85064
4821 1.83752
4822 1.83156
4823 1.82978
4824 1.82498
4825 1.83382
4826 1.82644
4827 1.81022
4828 1.81388
4829 1.81463
4830 1.79652
4831 1.81735
4832 1.81828
4833 1.82728
4834 1.81881
4835 1.83398
4836 1.83309
4837 1.82926
4838 1.8389
4839 1.83152
4840 1.82633
4841 1.81816
4842 1.80633
4843 1.82604
4844 1.83468
4845 1.84705
4846 1.86104
4847 1.86827
4848 1.84346
4849 1.8495
4850 1.87934
4851 1.88719
4852 1.86631
4853 1.8687
4854 1.87714
4855 1.88347
4856 1.87766
4857 1.88824
4858 1.87511
4859 1.89559
4860 1.91124
4861 1.89528
4862 1.90192
4863 1.91781
4864 1.92436
4865 1.91009
4866 1.88196
4867 1.88159
4868 1.87486
4869 1.84989
4870 1.87606
4871 1.90089
4872 1.89549
4873 1.87572
4874 1.87169
4875 1.86277
4876 1.84715
4877 1.85688
4878 1.86131
4879 1.88287
4880 1.88315
4881 1.86786
4882 1.84559
4883 1.83963
4884 1.82534
4885 1.81868
4886 1.82992
4887 1.81297
4888 1.80989
4889 1.80857
4890 1.80729
4891 1.82905
4892 1.85167
4893 1.83195
4894 1.82213
4895 1.82315
4896 1.83148
4897 1.81483
4898 1.82924
4899 1.81057
4900 1.81818
4901 1.81227
4902 1.81938
4903 1.81822
4904 1.80691
4905 1.82619
4906 1.8078
4907 1.80021
4908 1.80156
4909 1.79017
4910 1.79318
4911 1.80735
4912 1.80363
4913 1.80427
4914 1.79032
4915 1.77617
4916 1.75204
4917 1.75642
4918 1.75145
4919 1.77974
4920 1.79192
4921 1.76866
4922 1.7615
4923 1.78825
4924 1.78959
4925 1.81142
4926 1.79578
4927 1.79157
4928 1.80341
4929 1.82268
4930 1.81504
4931 1.80719
4932 1.80929
4933 1.80918
4934 1.80209
4935 1.79206
4936 1.79565
4937 1.78893
4938 1.80899
4939 1.80559
4940 1.79858
4941 1.78136
4942 1.77956
4943 1.76775
4944 1.78722
4945 1.79686
4946 1.80015
4947 1.84199
4948 1.82837
4949 1.84442
4950 1.83958
4951 1.84505
4952 1.84702
4953 1.84351
4954 1.84611
4955 1.8227
4956 1.83257
4957 1.84954
4958 1.86691
4959 1.85592
4960 1.86634
4961 1.84911
4962 1.86596
4963 1.85518
4964 1.8616
4965 1.86362
4966 1.86287
4967 1.85727
4968 1.84893
4969 1.84636
4970 1.85255
4971 1.85046
4972 1.86497
4973 1.8563
4974 1.84866
4975 1.86937
4976 1.85326
4977 1.87179
4978 1.87466
4979 1.86333
4980 1.84587
4981 1.85192
4982 1.8564
4983 1.86843
4984 1.88099
4985 1.8904
4986 1.85095
4987 1.85749
4988 1.85392
4989 1.85625
4990 1.85765
4991 1.86087
4992 1.8593
4993 1.87051
4994 1.89024
4995 1.89511
4996 1.89122
4997 1.88683
4998 1.88525
4999 1.9023
